Realsense D455 Intrinsics

D = [-0.0536506250500679, 0.06849482655525208, -0.0003799688129220158, 0.0006371866911649704, -0.021824028342962265]
K = [640.7025756835938, 0.0, 655.5432739257812, 0.0, 639.7518310546875, 366.194580078125, 0.0, 0.0, 1.0]
R = [1.0, 0.0, 0.0, 0.0, 1.0, 0.0, 0.0, 0.0, 1.0]
P = [640.7025756835938, 0.0, 655.5432739257812, 0.0, 0.0, 639.7518310546875, 366.194580078125, 0.0, 0.0, 0.0, 1.0, 0.0]
